921 275 1013 275 1013 513 921 513 extinguisher 0
813 161.99999999999997 974 161.99999999999997 974 483 813 483 extinguisher 0
725 198.99999999999997 888 198.99999999999997 888 527 725 527 extinguisher 0
620 159 783 159 783 489 620 489 extinguisher 0
577 266 737 266 737 546 577 546 extinguisher 0
531 78 663 78 663 506 531 506 extinguisher 0
402 198.99999999999997 562 198.99999999999997 562 560 402 560 extinguisher 0
311 170 467 170 467 500 311 500 extinguisher 0
218 206 360 206 360 532 218 532 extinguisher 0
197 336 284 336 284 562 197 562 extinguisher 0
152 344.00000000000006 232 344.00000000000006 232 544 152 544 extinguisher 0
91 173 251 173 251 513 91 513 extinguisher 0
10 276 185 276 185 528 10 528 extinguisher 0