454 0 587 0 587 303 454 303 extinguisher 0
470.99999999999994 0 614 0 614 403 470.99999999999994 403 extinguisher 0
558 176 664 176 664 539 558 539 extinguisher 0
569 388 664 388 664 591 569 591 extinguisher 0
429 111 644 111 644 591 429 591 extinguisher 0
390.99999999999994 0 482.00000000000006 0 482.00000000000006 296 390.99999999999994 296 extinguisher 0
340 3 467 3 467 405 340 405 extinguisher 0
229 0 340 0 340 323 229 323 extinguisher 0
227 5 358 5 358 378 227 378 extinguisher 0
199 48 367 48 367 457 199 457 extinguisher 0
273 101 470.99999999999994 101 470.99999999999994 580 273 580 extinguisher 0
99 0 209 0 209 237 99 237 extinguisher 0
125 0 262 0 262 313 125 313 extinguisher 0
95 6 247 6 247 415 95 415 extinguisher 0
0 29 113.00000000000001 29 113.00000000000001 365 0 365 extinguisher 0
33 88 239 88 239 509 33 509 extinguisher 0
0 126 227 126 227 591 0 591 extinguisher 0