862 107 959 107 959 446 862 446 extinguisher 0
758 113 869 113 869 453 758 453 extinguisher 0
630 102 771 102 771 462 630 462 extinguisher 0
516 110 641 110 641 473 516 473 extinguisher 0
408 116 538 116 538 484 408 484 extinguisher 0
289 122 438 122 438 491 289 491 extinguisher 0
165 131 317 131 317 501 165 501 extinguisher 0
20 133 158 133 158 535 20 535 extinguisher 0
800 110 959 110 959 511 800 511 extinguisher 0
689 116 850 116 850 516 689 516 extinguisher 0
575 119 716 119 716 530 575 530 extinguisher 0
446 133 585 133 585 539 446 539 extinguisher 0
308 139 448 139 448 538 308 538 extinguisher 0
145 144 305 144 305 538 145 538 extinguisher 0
0 158 157 158 157 538 0 538 extinguisher 0