348 0 407 0 407 192 348 192 extinguisher 0
242 0 327 0 327 216.00000000000003 242 216.00000000000003 extinguisher 0
309 0 368 0 368 217 309 217 extinguisher 0
0 11 57 11 57 271 0 271 extinguisher 0
0 62 93 62 93 277 0 277 extinguisher 0
30 5 104.99999999999999 5 104.99999999999999 277 30 277 extinguisher 0
51 0 133 0 133 260 51 260 extinguisher 0
57 30 172 30 172 277 57 277 extinguisher 0
108 0 180 0 180 277 108 277 extinguisher 0
144 15 240 15 240 277 144 277 extinguisher 0
261 0 333 0 333 250 261 250 extinguisher 0
205 0 286 0 286 277 205 277 extinguisher 0