923 273 1012 273 1012 516 923 516 extinguisher 0
804 161 976 161 976 485 804 485 extinguisher 0
724 207 891 207 891 526 724 526 extinguisher 0
609 161 788 161 788 487.00000000000006 609 487.00000000000006 extinguisher 0
576 267 742 267 742 545 576 545 extinguisher 0
529 79 673 79 673 505 529 505 extinguisher 0
401 198.99999999999997 563 198.99999999999997 563 557 401 557 extinguisher 0
307 168 467 168 467 503.99999999999994 307 503.99999999999994 extinguisher 0
209 209.00000000000003 377 209.00000000000003 377 535 209 535 extinguisher 0
194 334.00000000000006 286 334.00000000000006 286 570 194 570 extinguisher 0
149 344.00000000000006 234 344.00000000000006 234 548 149 548 extinguisher 0
8 279 183 279 183 528 8 528 extinguisher 0
97 173 262 173 262 501 97 501 extinguisher 0