467 147 516 147 516 244 467 244 extinguisher 0
412 136 463 136 463 244 412 244 extinguisher 0
318 112 415 112 415 244 318 244 extinguisher 0
233.99999999999997 78 284 78 284 233 233.99999999999997 233 extinguisher 0
268 84 331 84 331 231 268 231 extinguisher 0
10 136 77 136 77 244 10 244 extinguisher 0
60 77 158 77 158 244 60 244 extinguisher 0
0 52 79 52 79 244 0 244 extinguisher 0
70 8 158 8 158 231 70 231 extinguisher 0
120 67 205 67 205 237 120 237 extinguisher 0
151 52 232 52 232 244 151 244 extinguisher 0
162 20 245 20 245 231 162 231 extinguisher 0
296 48 374 48 374 229 296 229 extinguisher 0
366 44 425 44 425 226 366 226 extinguisher 0
394 44 484.99999999999994 44 484.99999999999994 244 394 244 extinguisher 0
476 58 564 58 564 244 476 244 extinguisher 0