378 117.00000000000001 473 117.00000000000001 473 177 378 177 extinguisher 0
289 75 384 75 384 177 289 177 extinguisher 0
251.99999999999997 61 344 61 344 177 251.99999999999997 177 extinguisher 0
202 46.99999999999999 289 46.99999999999999 289 177 202 177 extinguisher 0
113 80 180 80 180 177 113 177 extinguisher 0
109 7 230 7 230 177 109 177 extinguisher 0
28 28 148 28 148 177 28 177 extinguisher 0
0 48 80 48 80 177 0 177 extinguisher 0
292 46.00000000000001 371 46.00000000000001 371 134 292 134 extinguisher 0
328 25 436 25 436 177 328 177 extinguisher 0
384 65 493 65 493 177 384 177 extinguisher 0