178 123 244 123 244 164 178 164 extinguisher 0
189 102 242 102 242 164 189 164 extinguisher 0
194 61.99999999999999 247 61.99999999999999 247 150 194 150 extinguisher 0
205 50 247 50 247 125 205 125 extinguisher 0
213 37 251 37 251 113 213 113 extinguisher 0
260 20.999999999999996 279 20.999999999999996 279 86 260 86 extinguisher 0
237 12.999999999999998 276 12.999999999999998 276 81 237 81 extinguisher 0
217 3 244 3 244 55 217 55 extinguisher 0
202 20.999999999999996 234 20.999999999999996 234 81 202 81 extinguisher 0
182 22 208 22 208 71 182 71 extinguisher 0
162.00000000000003 20 187 20 187 72 162.00000000000003 72 extinguisher 0
143 20 168 20 168 66 143 66 extinguisher 0
124 19 147 19 147 61.99999999999999 124 61.99999999999999 extinguisher 0
144 117 189 117 189 164 144 164 extinguisher 0
110 110 152 110 152 164 110 164 extinguisher 0
124 92 160 92 160 164 124 164 extinguisher 0
152.99999999999997 97 192 97 192 164 152.99999999999997 164 extinguisher 0
100 86.99999999999999 135 86.99999999999999 135 164 100 164 extinguisher 0
89 100 124 100 124 164 89 164 extinguisher 0
77 80 114 80 114 149 77 149 extinguisher 0
25 88 76 88 76 162 25 162 extinguisher 0
51 75 89 75 89 143 51 143 extinguisher 0
9 74 45 74 45 139 9 139 extinguisher 0
95 28 119 28 119 81 95 81 extinguisher 0
0 61 25 61 25 116 0 116 extinguisher 0
0 23 21 23 21 64 0 64 extinguisher 0
4 1 32 1 32 51.99999999999999 4 51.99999999999999 extinguisher 0
14 0 44 0 44 48 14 48 extinguisher 0