805 108 959 108 959 510 805 510 extinguisher 0
688 115 846 115 846 520 688 520 extinguisher 0
564 117 716 117 716 530 564 530 extinguisher 0
435 128 587 128 587 539 435 539 extinguisher 0
295 140 452 140 452 539 295 539 extinguisher 0
145 148 331 148 331 539 145 539 extinguisher 0
0 155.99999999999997 189 155.99999999999997 189 539 0 539 extinguisher 0
814 0 838 0 838 64 814 64 extinguisher 0
793 0 819 0 819 59 793 59 extinguisher 0
776 2 801 2 801 51 776 51 extinguisher 0
762 1 781 1 781 40 762 40 extinguisher 0
746 1 767 1 767 41 746 41 extinguisher 0
720 1 752 1 752 45 720 45 extinguisher 0
701 0 727 0 727 42 701 42 extinguisher 0
686 2 708 2 708 40 686 40 extinguisher 0
904 12 933 12 933 64 904 64 extinguisher 0
931 13 956 13 956 65 931 65 extinguisher 0
64 46 117 46 117 159 64 159 extinguisher 0