533 213.99999999999997 599 213.99999999999997 599 312 533 312 extinguisher 0
475 188 553 188 553 309 475 309 extinguisher 0
431 47 520 47 520 306 431 306 extinguisher 0
239 159 338 159 338 310 239 310 extinguisher 0
183 146 268 146 268 305 183 305 extinguisher 0
105 176 185 176 185 307 105 307 extinguisher 0
52 205 109 205 109 305 52 305 extinguisher 0
6 213.99999999999997 65 213.99999999999997 65 309 6 309 extinguisher 0
69 116 130 116 130 277 69 277 extinguisher 0
151 83.00000000000001 236 83.00000000000001 236 280 151 280 extinguisher 0
281 94 438 94 438 309 281 309 extinguisher 0
274 14 379 14 379 272 274 272 extinguisher 0