54 90 80 90 80 164 54 164 extinguisher 0
73 75 108 75 108 164 73 164 extinguisher 0
81 23 111 23 111 138 81 138 extinguisher 0
97 22 142 22 142 137 97 137 extinguisher 0
126 13 178 13 178 160 126 160 extinguisher 0
161 13 230 13 230 165 161 165 extinguisher 0
221 72 249 72 249 182 221 182 extinguisher 0
183 167 249 167 249 351 183 351 extinguisher 0
99 188 152 188 152 340 99 340 extinguisher 0
72 205 121 205 121 322 72 322 extinguisher 0
36 169 87 169 87 310 36 310 extinguisher 0
8 167 54 167 54 303 8 303 extinguisher 0
138 167 200 167 200 351 138 351 extinguisher 0