62 163 112.00000000000001 163 112.00000000000001 285 62 285 extinguisher 0
123 193.99999999999997 161 193.99999999999997 161 272 123 272 extinguisher 0
158 170.99999999999997 229 170.99999999999997 229 272 158 272 extinguisher 0
347 174 394 174 394 254 347 254 extinguisher 0
422 175 455.99999999999994 175 455.99999999999994 244 422 244 extinguisher 0
463.99999999999994 178 507 178 507 232.99999999999997 463.99999999999994 232.99999999999997 extinguisher 0
521 163 564 163 564 217.00000000000003 521 217.00000000000003 extinguisher 0
571 169 606 169 606 221 571 221 extinguisher 0
610 165 645 165 645 212 610 212 extinguisher 0
649 170 680 170 680 214 649 214 extinguisher 0
699 170 716 170 716 204.00000000000003 699 204.00000000000003 extinguisher 0
675 165 705 165 705 206.99999999999997 675 206.99999999999997 extinguisher 0