695 288 799 288 799 426 695 426 extinguisher 0
695 209 799 209 799 353 695 353 extinguisher 0
631 223 753 223 753 364 631 364 extinguisher 0
588 217 723 217 723 397 588 397 extinguisher 0
571 335 714 335 714 488 571 488 extinguisher 0
520 258 606 258 606 413 520 413 extinguisher 0
471 198 578 198 578 346 471 346 extinguisher 0
448.00000000000006 267 603 267 603 460 448.00000000000006 460 extinguisher 0
401.99999999999994 210 470 210 470 369 401.99999999999994 369 extinguisher 0
352 309 470 309 470 432 352 432 extinguisher 0
311 226 388 226 388 416 311 416 extinguisher 0
0 331 184 331 184 450 0 450 extinguisher 0
174 260 284 260 284 450 174 450 extinguisher 0
212 256 413.99999999999994 256 413.99999999999994 378 212 378 extinguisher 0
140 252 250 252 250 387 140 387 extinguisher 0
19 237 200 237 200 390 19 390 extinguisher 0
0 221 108 221 108 365 0 365 extinguisher 0