68 234 112.99999999999999 234 112.99999999999999 316 68 316 extinguisher 0
82 217 141 217 141 327 82 327 extinguisher 0
701 127 799 127 799 462 701 462 extinguisher 0
454 189 603 189 603 488 454 488 extinguisher 0
509 153 763 153 763 510 509 510 extinguisher 0
528 137 644 137 644 426 528 426 extinguisher 0
429 170 531 170 531 414 429 414 extinguisher 0
347 196 459 196 459 405 347 405 extinguisher 0
318 214 394 214 394 370 318 370 extinguisher 0
279 212 353 212 353 361.99999999999994 279 361.99999999999994 extinguisher 0
229.99999999999997 211 313 211 313 380 229.99999999999997 380 extinguisher 0
178 222 245.00000000000003 222 245.00000000000003 370 178 370 extinguisher 0
149 222 196 222 196 328 149 328 extinguisher 0