645 237 724 237 724 419 645 419 extinguisher 0
667 230 779 230 779 436 667 436 extinguisher 0
711 193 799 193 799 417 711 417 extinguisher 0
533 229 704 229 704 468 533 468 extinguisher 0
513 207 662 207 662 438 513 438 extinguisher 0
470 227 569 227 569 437 470 437 extinguisher 0
374 227 601 227 601 452 374 452 extinguisher 0
388 189 514 189 514 414 388 414 extinguisher 0
313 203 394 203 394 425 313 425 extinguisher 0
262 224.00000000000003 373 224.00000000000003 373 449 262 449 extinguisher 0
193 231 292 231 292 447 193 447 extinguisher 0
102 229 272 229 272 437 102 437 extinguisher 0
1 212 152 212 152 473 1 473 extinguisher 0