688 934 796 934 796 1171 688 1171 extinguisher 0
612 943 707 943 707 1163 612 1163 extinguisher 0
520 951 614 951 614 1170 520 1170 extinguisher 0
657 872.0000000000001 745 872.0000000000001 745 1057 657 1057 extinguisher 0
594.9999999999999 873 678 873 678 1069 594.9999999999999 1069 extinguisher 0
522 860 605 860 605 1060 522 1060 extinguisher 0
607 754 690 754 690 944 607 944 extinguisher 0
548 761 626 761 626 955.0000000000001 548 955.0000000000001 extinguisher 0
494 796 572 796 572 994.9999999999999 494 994.9999999999999 extinguisher 0
432 733 513 733 513 939 432 939 extinguisher 0
484 721 553 721 553 919.9999999999999 484 919.9999999999999 extinguisher 0
534 700 603.0000000000001 700 603.0000000000001 906 534 906 extinguisher 0
770 827 1024 827 1024 1381 770 1381 extinguisher 0