527 247 662 247 662 577 527 577 extinguisher 0
456.99999999999994 261 542 261 542 575 456.99999999999994 575 extinguisher 0
494.99999999999994 633 616 633 616 899 494.99999999999994 899 extinguisher 0
365 657 504 657 504 899 365 899 extinguisher 0
260 654 389.99999999999994 654 389.99999999999994 899 260 899 extinguisher 0
189.00000000000003 667 307 667 307 899 189.00000000000003 899 extinguisher 0
504 0 637 0 637 181 504 181 extinguisher 0
381 0 525 0 525 197 381 197 extinguisher 0
301 0 405 0 405 205 301 205 extinguisher 0
187 0 313 0 313 214 187 214 extinguisher 0
127 66 545 66 545 695 127 695 extinguisher 0