676 76 799 76 799 532 676 532 extinguisher 0
590 131 762 131 762 532 590 532 extinguisher 0
446 167 782 167 782 532 446 532 extinguisher 0
217 289 463.99999999999994 289 463.99999999999994 532 217 532 extinguisher 0
94 226 284 226 284 532 94 532 extinguisher 0
400 117 577 117 577 532 400 532 extinguisher 0
492 36 630 36 630 532 492 532 extinguisher 0
357 2 476.99999999999994 2 476.99999999999994 466 357 466 extinguisher 0
245.00000000000003 70 364 70 364 476 245.00000000000003 476 extinguisher 0
108 6 236 6 236 467 108 467 extinguisher 0
0 16 138 16 138 450 0 450 extinguisher 0