733 225 799 225 799 532 733 532 extinguisher 0
606 57 765 57 765 532 606 532 extinguisher 0
467 317 750 317 750 532 467 532 extinguisher 0
229.99999999999997 415 486.00000000000006 415 486.00000000000006 532 229.99999999999997 532 extinguisher 0
448.00000000000006 184 659 184 659 532 448.00000000000006 532 extinguisher 0
91 276 313 276 313 532 91 532 extinguisher 0
235 88 462 88 462 526 235 526 extinguisher 0
451 15 591 15 591 477 451 477 extinguisher 0
338 0 450 0 450 415 338 415 extinguisher 0
249.00000000000003 1 363 1 363 289 249.00000000000003 289 extinguisher 0
130 0 317 0 317 463 130 463 extinguisher 0
0 0 220.00000000000003 0 220.00000000000003 447 0 447 extinguisher 0