474 744 745 744 745 799 474 799 extinguisher 0
156 734 480 734 480 799 156 799 extinguisher 0
459.99999999999994 682 781 682 781 776 459.99999999999994 776 extinguisher 0
309 647 515 647 515 764 309 764 extinguisher 0
88 722 310 722 310 781 88 781 extinguisher 0
65 667 292 667 292 755 65 755 extinguisher 0
42 630 277 630 277 754 42 754 extinguisher 0
249.00000000000003 613 413 613 413 749 249.00000000000003 749 extinguisher 0
438 634 581 634 581 776 438 776 extinguisher 0
517 596 676 596 676 756 517 756 extinguisher 0
582 440.00000000000006 752 440.00000000000006 752 773 582 773 extinguisher 0
487 421 625 421 625 731 487 731 extinguisher 0
603 334 773 334 773 715 603 715 extinguisher 0
468 324 610 324 610 680 468 680 extinguisher 0
363 254 565 254 565 729 363 729 extinguisher 0
212 388 438.99999999999994 388 438.99999999999994 717 212 717 extinguisher 0
300 322 434.99999999999994 322 434.99999999999994 711 300 711 extinguisher 0
94 326 244 326 244 736 94 736 extinguisher 0
132 318 283 318 283 723 132 723 extinguisher 0