885 610 1454 610 1454 1067 885 1067 extinguisher 0
1149 240 1599 240 1599 1065 1149 1065 extinguisher 0
125 702 988.0000000000001 702 988.0000000000001 1065 125 1065 extinguisher 0
629 446.00000000000006 1055 446.00000000000006 1055 1065 629 1065 extinguisher 0
1310 159 1599 159 1599 889 1310 889 extinguisher 0
1064 20 1544 20 1544 778 1064 778 extinguisher 0
908 49 1296 49 1296 904 908 904 extinguisher 0
785 53 1096 53 1096 892.0000000000001 785 892.0000000000001 extinguisher 0
208 386 717 386 717 1064 208 1064 extinguisher 0
0 464 482 464 482 1069 0 1069 extinguisher 0
21 292 551 292 551 937 21 937 extinguisher 0
436.00000000000006 102 911.9999999999999 102 911.9999999999999 904.9999999999999 436.00000000000006 904.9999999999999 extinguisher 0
313 9 681 9 681 801 313 801 extinguisher 0
0 2 408 2 408 737.0000000000001 0 737.0000000000001 extinguisher 0