63 353 498.00000000000006 353 498.00000000000006 532 63 532 extinguisher 0
0 231 243.00000000000003 231 243.00000000000003 532 0 532 extinguisher 0
445 301 726 301 726 532 445 532 extinguisher 0
570 117 799 117 799 532 570 532 extinguisher 0
625 77 799 77 799 488 625 488 extinguisher 0
532 9 774 9 774 457 532 457 extinguisher 0
459 16 644 16 644 532 459 532 extinguisher 0
320 227 536 227 536 532 320 532 extinguisher 0
106 193 407 193 407 532 106 532 extinguisher 0
11 141 287 141 287 515 11 515 extinguisher 0
213 53 459.99999999999994 53 459.99999999999994 493 213 493 extinguisher 0
384 42 543 42 543 495 384 495 extinguisher 0
150 5.000000000000001 327 5.000000000000001 327 491 150 491 extinguisher 0
0 0 195 0 195 444 0 444 extinguisher 0