672 432 799 432 799 532 672 532 extinguisher 0
580 315 688 315 688 532 580 532 extinguisher 0
689 128 794 128 794 379 689 379 extinguisher 0
689 70 799 70 799 525 689 525 extinguisher 0
587 216 687 216 687 508 587 508 extinguisher 0
588 124 685 124 685 434 588 434 extinguisher 0
616 34 706 34 706 361.99999999999994 616 361.99999999999994 extinguisher 0
538 66 638 66 638 302 538 302 extinguisher 0
441 114 545 114 545 418 441 418 extinguisher 0
346 96 453 96 453 394 346 394 extinguisher 0
342 29 428 29 428 317 342 317 extinguisher 0
286 139 369 139 369 349 286 349 extinguisher 0
269 30 375 30 375 253 269 253 extinguisher 0
214 91 322 91 322 317 214 317 extinguisher 0
182 42 285 42 285 306 182 306 extinguisher 0
0 287 82 287 82 532 0 532 extinguisher 0
54 256 186 256 186 530 54 530 extinguisher 0
158 223 279 223 279 498 158 498 extinguisher 0
213 159 330 159 330 437 213 437 extinguisher 0
152 133 249.00000000000003 133 249.00000000000003 450 152 450 extinguisher 0
70 162 227.99999999999997 162 227.99999999999997 463 70 463 extinguisher 0
0 159 102 159 102 452 0 452 extinguisher 0
9 134 148 134 148 478 9 478 extinguisher 0