687 217 799 217 799 486 687 486 extinguisher 0
557 186 730 186 730 423 557 423 extinguisher 0
504 162 602 162 602 409 504 409 extinguisher 0
383 246 520 246 520 532 383 532 extinguisher 0
122 356 313 356 313 532 122 532 extinguisher 0
269 150 383 150 383 374 269 374 extinguisher 0
393 106 476.99999999999994 106 476.99999999999994 326 393 326 extinguisher 0
298 66 388 66 388 306 298 306 extinguisher 0
252.99999999999997 44 320 44 320 254 252.99999999999997 254 extinguisher 0
206.99999999999997 67 289 67 289 263 206.99999999999997 263 extinguisher 0
130 182 242 182 242 471 130 471 extinguisher 0
75 69 242 69 242 282 75 282 extinguisher 0
0 78 150 78 150 532 0 532 extinguisher 0