469.00000000000006 330 719 330 719 532 469.00000000000006 532 extinguisher 0
665 237 780 237 780 495 665 495 extinguisher 0
699 110 799 110 799 327 699 327 extinguisher 0
293 369 395 369 395 532 293 532 extinguisher 0
381 305 519 305 519 487 381 487 extinguisher 0
538 38 722 38 722 477 538 477 extinguisher 0
469.00000000000006 0 557 0 557 435 469.00000000000006 435 extinguisher 0
432 158 513 158 513 382.99999999999994 432 382.99999999999994 extinguisher 0
353 212 433 212 433 430 353 430 extinguisher 0
327 81 411.00000000000006 81 411.00000000000006 327 327 327 extinguisher 0
388 56.00000000000001 474 56.00000000000001 474 306 388 306 extinguisher 0
280 66 399 66 399 299.00000000000006 280 299.00000000000006 extinguisher 0
209 113 346 113 346 276 209 276 extinguisher 0
169 95 261 95 261 313 169 313 extinguisher 0
101 135 211 135 211 338 101 338 extinguisher 0
30 139 136 139 136 345 30 345 extinguisher 0
0 149 69 149 69 345 0 345 extinguisher 0
137 77 206.99999999999997 77 206.99999999999997 305 137 305 extinguisher 0
69 73 152 73 152 309 69 309 extinguisher 0
10 82 109.00000000000001 82 109.00000000000001 295 10 295 extinguisher 0
229 33 299 33 299 237 229 237 extinguisher 0