612 30 782 30 782 534 612 534 extinguisher 0
480 27 665 27 665 534 480 534 extinguisher 0
321 208 495 208 495 534 321 534 extinguisher 0
312 133 450 133 450 534 312 534 extinguisher 0
169 179 344 179 344 534 169 534 extinguisher 0
0 52 200.99999999999997 52 200.99999999999997 534 0 534 extinguisher 0
275 19 422 19 422 534 275 534 extinguisher 0
183 7 312 7 312 534 183 534 extinguisher 0
345 0 482 0 482 466 345 466 extinguisher 0
0 1 70 1 70 487.99999999999994 0 487.99999999999994 extinguisher 0
694 41 798 41 798 534 694 534 extinguisher 0