657 88 799 88 799 514 657 514 extinguisher 0
484.99999999999994 158 753 158 753 514 484.99999999999994 514 extinguisher 0
280 295 521 295 521 514 280 514 extinguisher 0
622 0 799 0 799 514 622 514 extinguisher 0
497 0 684 0 684 514 497 514 extinguisher 0
317 89 561 89 561 514 317 514 extinguisher 0
341 0 535 0 535 385 341 385 extinguisher 0
193 1 353 1 353 470 193 470 extinguisher 0
97 135 313 135 313 514 97 514 extinguisher 0
0 46 206 46 206 514 0 514 extinguisher 0
0 32 109.00000000000001 32 109.00000000000001 446 0 446 extinguisher 0
56.99999999999999 0 227 0 227 411 56.99999999999999 411 extinguisher 0