735 104 799 104 799 318 735 318 extinguisher 0
725 30 799 30 799 251 725 251 extinguisher 0
670 49 766 49 766 248 670 248 extinguisher 0
617 18 696 18 696 204 617 204 extinguisher 0
558 82 699 82 699 289 558 289 extinguisher 0
552 36 654 36 654 233 552 233 extinguisher 0
503 148 629 148 629 446 503 446 extinguisher 0
440.00000000000006 36 491 36 491 106 440.00000000000006 106 extinguisher 0
386 53 434 53 434 116 386 116 extinguisher 0
335 49 376 49 376 108 335 108 extinguisher 0
520 0 568 0 568 80.00000000000001 520 80.00000000000001 extinguisher 0
465.00000000000006 0 503 0 503 83 465.00000000000006 83 extinguisher 0
420 0 459 0 459 65 420 65 extinguisher 0
387 0 432 0 432 89 387 89 extinguisher 0
361 0 399 0 399 62 361 62 extinguisher 0
325 0 372 0 372 86 325 86 extinguisher 0
286 1 327 1 327 103 286 103 extinguisher 0
243.00000000000003 0 292 0 292 94 243.00000000000003 94 extinguisher 0
191 0 243.00000000000003 0 243.00000000000003 79 191 79 extinguisher 0
66 0 130 0 130 93 66 93 extinguisher 0
0 0 35 0 35 100 0 100 extinguisher 0
0 67 53 67 53 251 0 251 extinguisher 0
36 100 120 100 120 286 36 286 extinguisher 0
136 17 210 17 210 195 136 195 extinguisher 0
195 41 267 41 267 238 195 238 extinguisher 0
252.99999999999997 28.000000000000004 333 28.000000000000004 333 267 252.99999999999997 267 extinguisher 0
449 63 572 63 572 253 449 253 extinguisher 0
323 129 466 129 466 388 323 388 extinguisher 0
337 194 499 194 499 524 337 524 extinguisher 0
187 188 308 188 308 483 187 483 extinguisher 0
92 101 200 101 200 334 92 334 extinguisher 0