620 223 789 223 789 429 620 429 extinguisher 0
548 201 664 201 664 438 548 438 extinguisher 0
472 202 635 202 635 425 472 425 extinguisher 0
552 57 672 57 672 345 552 345 extinguisher 0
509 80 626 80 626 345 509 345 extinguisher 0
513 18 632 18 632 304 513 304 extinguisher 0
442 163 548 163 548 376 442 376 extinguisher 0
455 24 547 24 547 289 455 289 extinguisher 0
391 54 501 54 501 270 391 270 extinguisher 0
350 174 473.00000000000006 174 473.00000000000006 361 350 361 extinguisher 0
296 225 419.00000000000006 225 419.00000000000006 416 296 416 extinguisher 0
258 175 370 175 370 366 258 366 extinguisher 0
332 36 416 36 416 274 332 274 extinguisher 0
264 61 368 61 368 297 264 297 extinguisher 0
224.00000000000003 25 351 25 351 256 224.00000000000003 256 extinguisher 0
186 57 305 57 305 279 186 279 extinguisher 0
112.00000000000001 164 270 164 270 356 112.00000000000001 356 extinguisher 0
12 187 186 187 186 371 12 371 extinguisher 0
31 79 155 79 155 312 31 312 extinguisher 0
20 24 143 24 143 283 20 283 extinguisher 0
83 39 199 39 199 300 83 300 extinguisher 0