122 290 225 290 225 524 122 524 extinguisher 0
184 251 284 251 284 462 184 462 extinguisher 0
242 187 365 187 365 428 242 428 extinguisher 0
296 190 385 190 385 377 296 377 extinguisher 0
328 163 400 163 400 341 328 341 extinguisher 0
356 144 428 144 428 309 356 309 extinguisher 0
401 117 465.00000000000006 117 465.00000000000006 273 401 273 extinguisher 0
434.99999999999994 97 498.00000000000006 97 498.00000000000006 242.00000000000003 434.99999999999994 242.00000000000003 extinguisher 0
447 85 507 85 507 225 447 225 extinguisher 0
475 64 536 64 536 193 475 193 extinguisher 0
512 49 549 49 549 169 512 169 extinguisher 0
526 38 578 38 578 153 526 153 extinguisher 0
555 27 603 27 603 131 555 131 extinguisher 0