540 869 988 869 988 1299 540 1299 extinguisher 0
245 964.0000000000001 690 964.0000000000001 690 1296 245 1296 extinguisher 0
0 932 258 932 258 1299 0 1299 extinguisher 0
80 639 603 639 603 1299 80 1299 extinguisher 0
480 506 943 506 943 1299 480 1299 extinguisher 0
452 253 859 253 859 1230 452 1230 extinguisher 0
737 108 997 108 997 957 737 957 extinguisher 0
517 8 831 8 831 926 517 926 extinguisher 0
279 40 597 40 597 996 279 996 extinguisher 0
1 182.99999999999997 411 182.99999999999997 411 1086 1 1086 extinguisher 0
1 134 273 134 273 901 1 901 extinguisher 0
127 8 436 8 436 838 127 838 extinguisher 0