507 419 753 419 753 599 507 599 extinguisher 0
564 261 797 261 797 445 564 445 extinguisher 0
254.99999999999997 403 532 403 532 599 254.99999999999997 599 extinguisher 0
131 396 341 396 341 599 131 599 extinguisher 0
0 382 215 382 215 560 0 560 extinguisher 0
152 202 387 202 387 412 152 412 extinguisher 0
347 249 618 249 618 430 347 430 extinguisher 0
0 215 225.99999999999997 215 225.99999999999997 403 0 403 extinguisher 0
678 33 799 33 799 301 678 301 extinguisher 0
524 76 799 76 799 310.00000000000006 524 310.00000000000006 extinguisher 0
328 95 597 95 597 296 328 296 extinguisher 0
135 72 413.99999999999994 72 413.99999999999994 276 135 276 extinguisher 0
0 13 195 13 195 258 0 258 extinguisher 0
526 0 720 0 720 175 526 175 extinguisher 0
339 0 536 0 536 193.99999999999997 339 193.99999999999997 extinguisher 0
200 1 387 1 387 190 200 190 extinguisher 0
6 0 258 0 258 196 6 196 extinguisher 0