632 406 799 406 799 532 632 532 extinguisher 0
509.99999999999994 398 719 398 719 532 509.99999999999994 532 extinguisher 0
371 334 549 334 549 532 371 532 extinguisher 0
0 398 328 398 328 532 0 532 extinguisher 0
634 233 799 233 799 434 634 434 extinguisher 0
505 136 753 136 753 427.00000000000006 505 427.00000000000006 extinguisher 0
381 94 557 94 557 371 381 371 extinguisher 0
83 197 371 197 371 386 83 386 extinguisher 0
552 0 799 0 799 244 552 244 extinguisher 0
476 0 645 0 645 192 476 192 extinguisher 0
215 15 441 15 441 292 215 292 extinguisher 0
0 52 218.00000000000003 52 218.00000000000003 295 0 295 extinguisher 0
46 0 304 0 304 177 46 177 extinguisher 0