315 321 515 321 515 456 315 456 extinguisher 0
206 366 353 366 353 532 206 532 extinguisher 0
86 418 225 418 225 532 86 532 extinguisher 0
0 377 196 377 196 532 0 532 extinguisher 0
61 257 302 257 302 412 61 412 extinguisher 0
211 146 356 146 356 329 211 329 extinguisher 0
282 48 493 48 493 233 282 233 extinguisher 0
28.999999999999996 126 236 126 236 286 28.999999999999996 286 extinguisher 0
140 0 283 0 283 218 140 218 extinguisher 0
43 0 231.99999999999997 0 231.99999999999997 166 43 166 extinguisher 0
0 29 149 29 149 263 0 263 extinguisher 0
0 1 142 1 142 112.00000000000001 0 112.00000000000001 extinguisher 0