535 432 794 432 794 571 535 571 extinguisher 0
636 261 754 261 754 520 636 520 extinguisher 0
575 284 644 284 644 523 575 523 extinguisher 0
619 227 699 227 699 480 619 480 extinguisher 0
473.00000000000006 185 604 185 604 528 473.00000000000006 528 extinguisher 0
371 206 513 206 513 532 371 532 extinguisher 0
263 204.00000000000003 413.99999999999994 204.00000000000003 413.99999999999994 514 263 514 extinguisher 0
177 193.99999999999997 316 193.99999999999997 316 499 177 499 extinguisher 0
26 302 126 302 126 502 26 502 extinguisher 0
54 193.99999999999997 217 193.99999999999997 217 248 54 248 extinguisher 0
0 185 225.99999999999997 185 225.99999999999997 465.99999999999994 0 465.99999999999994 extinguisher 0
405 144 579 144 579 221 405 221 extinguisher 0
553 200 640 200 640 436 553 436 extinguisher 0