669 442 799 442 799 533 669 533 extinguisher 0
702 330 799 330 799 533 702 533 extinguisher 0
509.99999999999994 368 708 368 708 533 509.99999999999994 533 extinguisher 0
357 435 539 435 539 533 357 533 extinguisher 0
0 309 56.99999999999999 309 56.99999999999999 533 0 533 extinguisher 0
40 347 174 347 174 533 40 533 extinguisher 0
0 255 166 255 166 533 0 533 extinguisher 0
161 327 311 327 311 533 161 533 extinguisher 0
293 266 434 266 434 533 293 533 extinguisher 0
401 321 583 321 583 533 401 533 extinguisher 0
576 220 755 220 755 533 576 533 extinguisher 0
509 226 638 226 638 533 509 533 extinguisher 0
386 187 538 187 538 533 386 533 extinguisher 0
252 167 404 167 404 528 252 528 extinguisher 0
167 231 309 231 309 533 167 533 extinguisher 0
0 169 55.00000000000001 169 55.00000000000001 533 0 533 extinguisher 0
34 57 150 57 150 432 34 432 extinguisher 0
148 90 279 90 279 450 148 450 extinguisher 0
280 146 434 146 434 473.00000000000006 280 473.00000000000006 extinguisher 0
486.00000000000006 127 662 127 662 491 486.00000000000006 491 extinguisher 0
658 118 798 118 798 527 658 527 extinguisher 0
594 75 725 75 725 416 594 416 extinguisher 0
629 1 764 1 764 371 629 371 extinguisher 0
478 0 608 0 608 360 478 360 extinguisher 0
381 0 511.00000000000006 0 511.00000000000006 342 381 342 extinguisher 0
264 18 390 18 390 315 264 315 extinguisher 0
136 0 270 0 270 401 136 401 extinguisher 0
28.999999999999996 0 167 0 167 362 28.999999999999996 362 extinguisher 0