424 331 508 331 508 532 424 532 extinguisher 0
293 319 447 319 447 532 293 532 extinguisher 0
0 358 103 358 103 532 0 532 extinguisher 0
89 353 170 353 170 532 89 532 extinguisher 0
104 330 202 330 202 528 104 528 extinguisher 0
189 320.00000000000006 271 320.00000000000006 271 515 189 515 extinguisher 0
241 309 326 309 326 510 241 510 extinguisher 0
182 315 392 315 392 509 182 509 extinguisher 0
679 153 799 153 799 360 679 360 extinguisher 0
575 155 700 155 700 357 575 357 extinguisher 0
484 151 592 151 592 350 484 350 extinguisher 0
392 153 497 153 497 360 392 360 extinguisher 0
289 163 398 163 398 363 289 363 extinguisher 0