3 230 90 230 90 351 3 351 extinguisher 0
96 235 140 235 140 342 96 342 extinguisher 0
129 234 173 234 173 339 129 339 extinguisher 0
166 234 204.99999999999997 234 204.99999999999997 340 166 340 extinguisher 0
199 222 236 222 236 337 199 337 extinguisher 0
231 216 274 216 274 337 231 337 extinguisher 0
261 231 296 231 296 343 261 343 extinguisher 0
291 242 327 242 327 344 291 344 extinguisher 0
324 238 357 238 357 342 324 342 extinguisher 0
348 98 505 98 505 439 348 439 extinguisher 0
543 101 730 101 730 444 543 444 extinguisher 0