521 732 674 732 674 899 521 899 extinguisher 0
310 784 548 784 548 899 310 899 extinguisher 0
2 685 237.99999999999997 685 237.99999999999997 899 2 899 extinguisher 0
208.00000000000003 573 455 573 455 867 208.00000000000003 867 extinguisher 0
396 496 664 496 664 792 396 792 extinguisher 0
539 266 674 266 674 505 539 505 extinguisher 0
345 319 585 319 585 649 345 649 extinguisher 0
139 379 389.99999999999994 379 389.99999999999994 755 139 755 extinguisher 0
4 469 202.00000000000003 469 202.00000000000003 811 4 811 extinguisher 0
0 295 135 295 135 615 0 615 extinguisher 0
87 224 308 224 308 601 87 601 extinguisher 0
280 168 481 168 481 607 280 607 extinguisher 0
432.99999999999994 129 640 129 640 508 432.99999999999994 508 extinguisher 0
535 4 674 4 674 359 535 359 extinguisher 0
382 5 577 5 577 376 382 376 extinguisher 0
212.99999999999997 54 432 54 432 452.99999999999994 212.99999999999997 452.99999999999994 extinguisher 0
45 104 243 104 243 423 45 423 extinguisher 0
12 0 183.00000000000003 0 183.00000000000003 402 12 402 extinguisher 0
148 0 338 0 338 365 148 365 extinguisher 0