710 143 799 143 799 517 710 517 extinguisher 0
611 118 795 118 795 465 611 465 extinguisher 0
535 48 670 48 670 428 535 428 extinguisher 0
453 145 591 145 591 473 453 473 extinguisher 0
430 75 575 75 575 395 430 395 extinguisher 0
358 86 523 86 523 369 358 369 extinguisher 0
202.99999999999997 110 386 110 386 470 202.99999999999997 470 extinguisher 0
100 122 243.00000000000003 122 243.00000000000003 436 100 436 extinguisher 0
265 48 393 48 393 381 265 381 extinguisher 0
131 51 276 51 276 356 131 356 extinguisher 0
55.00000000000001 74 166 74 166 324 55.00000000000001 324 extinguisher 0
0 52 79 52 79 345 0 345 extinguisher 0