0 251 42 251 42 508 0 508 extinguisher 0
28.000000000000004 187 120 187 120 478 28.000000000000004 478 extinguisher 0
0 172 62 172 62 454 0 454 extinguisher 0
109.00000000000001 72 215 72 215 502 109.00000000000001 502 extinguisher 0
259 266 357 266 357 480 259 480 extinguisher 0
344 166 458 166 458 471 344 471 extinguisher 0
709 75 799 75 799 426 709 426 extinguisher 0
646 94 726 94 726 433 646 433 extinguisher 0
565 85 658 85 658 442 565 442 extinguisher 0
531 26 619 26 619 419 531 419 extinguisher 0
426 76 509 76 509 413 426 413 extinguisher 0
352 89 437 89 437 416 352 416 extinguisher 0
292 53 382 53 382 439 292 439 extinguisher 0
237 57 325 57 325 443 237 443 extinguisher 0
192 65 281 65 281 444 192 444 extinguisher 0