726 307 799 307 799 512 726 512 extinguisher 0
638 307 722 307 722 512 638 512 extinguisher 0
555 307 624 307 624 506 555 506 extinguisher 0
484 308 559 308 559 504 484 504 extinguisher 0
421 309 496 309 496 512 421 512 extinguisher 0
359 307 426 307 426 512 359 512 extinguisher 0
291 311 369 311 369 512 291 512 extinguisher 0
227 308 307 308 307 510 227 510 extinguisher 0
167 308 246 308 246 510.99999999999994 167 510.99999999999994 extinguisher 0
102 311 182 311 182 510.99999999999994 102 510.99999999999994 extinguisher 0
33 307 111.00000000000001 307 111.00000000000001 512 33 512 extinguisher 0
723 45 799 45 799 280 723 280 extinguisher 0
683 45 754 45 754 275 683 275 extinguisher 0
638 50 722 50 722 277 638 277 extinguisher 0
611 42 677 42 677 276 611 276 extinguisher 0
543 43 627 43 627 284 543 284 extinguisher 0
512 47 587 47 587 272 512 272 extinguisher 0
462 44 548 44 548 279 462 279 extinguisher 0
392 47 471 47 471 284 392 284 extinguisher 0
325 46 411.00000000000006 46 411.00000000000006 282 325 282 extinguisher 0
250 47 335 47 335 283 250 283 extinguisher 0
180 41 265 41 265 281 180 281 extinguisher 0
114.99999999999999 43 199 43 199 281 114.99999999999999 281 extinguisher 0
56.00000000000001 42 141 42 141 281 56.00000000000001 281 extinguisher 0
0 46 65 46 65 283 0 283 extinguisher 0