0 151 156 151 156 479 0 479 extinguisher 0
148 137 292 137 292 513 148 513 extinguisher 0
286 171 437 171 437 515 286 515 extinguisher 0
422 146 551 146 551 484 422 484 extinguisher 0
35 91 219 91 219 424 35 424 extinguisher 0
199 41 332 41 332 404 199 404 extinguisher 0
93 15 271 15 271 375 93 375 extinguisher 0
320 53 447 53 447 427.00000000000006 320 427.00000000000006 extinguisher 0
240 17 418 17 418 320.00000000000006 240 320.00000000000006 extinguisher 0
413 31 537 31 537 400 413 400 extinguisher 0
488.99999999999994 64 620 64 620 433 488.99999999999994 433 extinguisher 0
474 50 694 50 694 322 474 322 extinguisher 0
501.99999999999994 0 614 0 614 241 501.99999999999994 241 extinguisher 0
462 0 556 0 556 189 462 189 extinguisher 0
558 0 677 0 677 169 558 169 extinguisher 0