592 778 930 778 930 1466 592 1466 extinguisher 0
682 86 914.0000000000001 86 914.0000000000001 541 682 541 extinguisher 0
595.9999999999999 106 838 106 838 536 595.9999999999999 536 extinguisher 0
501 108 745 108 745 531 501 531 extinguisher 0
426 98 670 98 670 539 426 539 extinguisher 0
343 125 580 125 580 532 343 532 extinguisher 0
274 139 487 139 487 509.99999999999994 274 509.99999999999994 extinguisher 0
777.9999999999999 0 1069 0 1069 728 777.9999999999999 728 extinguisher 0
364 621 541 621 541 974 364 974 extinguisher 0
420.99999999999994 609 611 609 611 974 420.99999999999994 974 extinguisher 0
489.00000000000006 610 686 610 686 928.9999999999999 489.00000000000006 928.9999999999999 extinguisher 0