1458 43 1599 43 1599 507 1458 507 extinguisher 0
1363 48 1506 48 1506 495 1363 495 extinguisher 0
1272 52 1444 52 1444 505 1272 505 extinguisher 0
1232 45 1359 45 1359 492 1232 492 extinguisher 0
1092 49 1254 49 1254 507 1092 507 extinguisher 0
1031 57 1146 57 1146 492 1031 492 extinguisher 0
932 48 1088 48 1088 512 932 512 extinguisher 0
781 49 953.9999999999999 49 953.9999999999999 505 781 505 extinguisher 0
655 45 826 45 826 512 655 512 extinguisher 0
505 56.00000000000001 678 56.00000000000001 678 512 505 512 extinguisher 0
367 45 535 45 535 510 367 510 extinguisher 0
231.99999999999997 45 416 45 416 514 231.99999999999997 514 extinguisher 0
108 46 271 46 271 508 108 508 extinguisher 0
0 44 150 44 150 503 0 503 extinguisher 0