1431 605 1585 605 1585 799 1431 799 extinguisher 0
1232 496 1382 496 1382 799 1232 799 extinguisher 0
1038 606 1178 606 1178 799 1038 799 extinguisher 0
841 492 980.0000000000001 492 980.0000000000001 799 841 799 extinguisher 0
639 605 786 605 786 799 639 799 extinguisher 0
434.99999999999994 493 580 493 580 799 434.99999999999994 799 extinguisher 0
238 600 381 600 381 799 238 799 extinguisher 0
33 492 178 492 178 799 33 799 extinguisher 0
1435 209 1584 209 1584 582 1435 582 extinguisher 0
1240 88 1384 88 1384 462 1240 462 extinguisher 0
1041 208 1188 208 1188 576 1041 576 extinguisher 0
836 96 983 96 983 463 836 463 extinguisher 0
639 204.99999999999997 780 204.99999999999997 780 578 639 578 extinguisher 0
236 204.99999999999997 381 204.99999999999997 381 578 236 578 extinguisher 0
438 96 585 96 585 463.99999999999994 438 463.99999999999994 extinguisher 0
664 0 782 0 782 182 664 182 extinguisher 0
858 0 978.9999999999999 0 978.9999999999999 65 858 65 extinguisher 0
1062 0 1183 0 1183 179 1062 179 extinguisher 0
1265 0 1381 0 1381 66 1265 66 extinguisher 0
1464 0 1582 0 1582 183 1464 183 extinguisher 0
463 0 580 0 580 65 463 65 extinguisher 0
261 0 383 0 383 181 261 181 extinguisher 0
63 0 183 0 183 65 63 65 extinguisher 0
39 90 184 90 184 466 39 466 extinguisher 0