688 214 770 214 770 379 688 379 extinguisher 0
568 203 650 203 650 368 568 368 extinguisher 0
538 159 613 159 613 365 538 365 extinguisher 0
497 243 580 243 580 437 497 437 extinguisher 0
511.00000000000006 200 571 200 571 392 511.00000000000006 392 extinguisher 0
459 259 527 259 527 451 459 451 extinguisher 0
419.00000000000006 225 486.00000000000006 225 486.00000000000006 424 419.00000000000006 424 extinguisher 0
455.99999999999994 215 517 215 517 403 455.99999999999994 403 extinguisher 0
470 198 529 198 529 400 470 400 extinguisher 0
380 240 455 240 455 441 380 441 extinguisher 0
316 241 392 241 392 454 316 454 extinguisher 0
227 256 326 256 326 460 227 460 extinguisher 0
184 231 259 231 259 423 184 423 extinguisher 0
124 237 208 237 208 430 124 430 extinguisher 0
31 229 133 229 133 415 31 415 extinguisher 0
336 175 407 175 407 378 336 378 extinguisher 0